$ANSIBLE_VAULT;1.1;AES256
34356263383534323061393932376562326238663665343034353566326333376166373633393330
6461373462626330323635393737333335343334353365300a356431633330336133626461623835
30303561663239316539623933613034336231663836646361303466313662633631633434303131
6232616633396364390a333365663331623762383961373838653636313762346539316634663837
34623465653364643935393133623866633963643636336163653736393439316634363732353961
63343431353762616639613030613337663836346431636532646136633362383333633432323339
63313465303938383333386238613034653339653466613530633034383930333134343738363264
61303236356166363363313961646433323331643462663165373864613530643830376130643535
64383031363933353833373061633463363236333362323233383064613335353361373234613832
65323438366331396163626237303633363836356237623865373835613434333235303361383636
65623363316463633562386634326433613130353065646163643132323061396237643266333062
65326138613036366333383532303839613239633163306535663131313635623131313164653130
3531
